[
 [
  -0.006981317007977318,
  0.0,
  -0.027925268031909273,
  0.027925268031909273,
  0.0,
  0.0
 ],
 [
  [
   -0.07689798893331225,
   0.05475918798193868,
   0.29150170892318306
  ],
  [
   -0.04682157024608888,
   0.05458723584502625,
   0.28947739150010565
  ],
  [
   -0.04702729930556885,
   0.024587944647941392,
   0.289463135743605
  ],
  [
   -0.07710371799279218,
   0.024759896784853835,
   0.29148745316668234
  ]
 ]
]
[
 [
  -0.013962634015954637,
  0.0,
  -0.05585053606381855,
  0.05585053606381855,
  0.0,
  0.0
 ],
 [
  [
   -0.07608682423888756,
   0.054537702034841144,
   0.2892147125433592
  ],
  [
   -0.046901454206356996,
   0.054505204497610975,
   0.2912654767055732
  ],
  [
   -0.046996194375744524,
   0.024571681619783445,
   0.2892716782145317
  ],
  [
   -0.07618156440827507,
   0.0246041791570136,
   0.28722091405231764
  ]
 ]
]
[
 [
  -0.020943951023931956,
  0.0,
  -0.08377580409572782,
  0.08377580409572782,
  0.0,
  0.0
 ],
 [
  [
   -0.07448661639952277,
   0.050625789589755145,
   0.28945814479138976
  ],
  [
   -0.04547440196741443,
   0.0505652177691299,
   0.2915107340359186
  ],
  [
   -0.04557704882257583,
   0.020632772811946472,
   0.28950120610421215
  ],
  [
   -0.07458926325468415,
   0.020693344632571695,
   0.2874486168596832
  ]
 ]
]
[
 [
  -0.027925268031909273,
  0.0,
  -0.1117010721276371,
  0.1117010721276371,
  0.0,
  0.0
 ],
 [
  [
   -0.07659599701179924,
   0.05155374846726262,
   0.293555972047666
  ],
  [
   -0.04610173509510194,
   0.051193250372846055,
   0.2915032334656211
  ],
  [
   -0.04630895560112155,
   0.021193969488112124,
   0.29148887865036216
  ],
  [
   -0.07680321751781884,
   0.021554467582528672,
   0.29354161723240696
  ]
 ]
]
[
 [
  -0.03490658503988659,
  0.0,
  -0.13962634015954636,
  0.13962634015954636,
  0.0,
  0.0
 ],
 [
  [
   -0.07512725553771972,
   0.047403201553327695,
   0.28634954072633895
  ],
  [
   -0.0457852041019804,
   0.04747867735209754,
   0.2843333863413084
  ],
  [
   -0.04474187133108655,
   0.01776172280318608,
   0.28035669562324805
  ],
  [
   -0.07408392276682581,
   0.017686247004416233,
   0.28237285000827844
  ]
 ]
]
[
 [
  -0.041887902047863905,
  0.0,
  -0.16755160819145562,
  0.16755160819145562,
  0.0,
  0.0
 ],
 [
  [
   -0.07615964705942593,
   0.045378612409040175,
   0.2918836505240991
  ],
  [
   -0.046168716628915085,
   0.04601556265588292,
   0.2919267605551925
  ],
  [
   -0.04607113980460224,
   0.016086182148361845,
   0.2939816720373187
  ],
  [
   -0.07606207023511313,
   0.015449231901519107,
   0.2939385620062254
  ]
 ]
]
[
 [
  -0.048869219055841226,
  0.0,
  -0.1954768762233649,
  0.1954768762233649,
  0.0,
  0.0
 ],
 [
  [
   -0.07496193135560805,
   0.041910058351209166,
   0.2896871231583306
  ],
  [
   -0.04603018273763589,
   0.043127675848409305,
   0.2937203234559817
  ],
  [
   -0.044856803458965366,
   0.013227014193705918,
   0.29158172258640885
  ],
  [
   -0.07378855207693755,
   0.012009396696505784,
   0.2875485222887578
  ]
 ]
]
[
 [
  -0.05585053606381855,
  0.0,
  -0.2234021442552742,
  0.2234021442552742,
  0.0,
  0.0
 ],
 [
  [
   -0.07405952006855836,
   0.03832302647785434,
   0.2877984303677264
  ],
  [
   -0.04498732874675506,
   0.039621808382431185,
   0.2897231745688679
  ],
  [
   -0.04342197839503825,
   0.00973589820505651,
   0.28762983963478
  ],
  [
   -0.07249416971684158,
   0.008437116300479667,
   0.28570509543363853
  ]
 ]
]
[
 [
  -0.06283185307179585,
  0.0,
  -0.2513274122871834,
  0.2513274122871834,
  0.0,
  0.0
 ],
 [
  [
   -0.07382778714198139,
   0.035819200185467984,
   0.2893220208701267
  ],
  [
   -0.04409330506244006,
   0.036860241138802256,
   0.2893220208701267
  ],
  [
   -0.04305363785686171,
   0.006878261682774924,
   0.2893220208701269
  ],
  [
   -0.07278811993640305,
   0.005837220729440646,
   0.2893220208701268
  ]
 ]
]
[
 [
  -0.06981317007977317,
  0.0,
  -0.27925268031909267,
  0.27925268031909267,
  0.0,
  0.0
 ],
 [
  [
   -0.07318465238243725,
   0.03331190132508054,
   0.2892456059315962
  ],
  [
   -0.04345802369273995,
   0.03456082052082454,
   0.2892456059315964
  ],
  [
   -0.04221075255890647,
   0.00458675982296936,
   0.2892456059315962
  ],
  [
   -0.07193738124860376,
   0.0033378406272253727,
   0.28924560593159604
  ]
 ]
]
[
 [
  -0.07679448708775048,
  0.0,
  -0.30717794835100193,
  0.30717794835100193,
  0.0,
  0.0
 ],
 [
  [
   -0.07229026560378558,
   0.030906461103842892,
   0.2881663267024463
  ],
  [
   -0.042865052569713555,
   0.03255286064418164,
   0.2880547208439252
  ],
  [
   -0.04092147906682302,
   0.0026833641482877707,
   0.2860458153905388
  ],
  [
   -0.07034669210089506,
   0.001036964607949023,
   0.2861574212490599
  ]
 ]
]
[
 [
  -0.08377580409572781,
  0.0,
  -0.33510321638291124,
  0.33510321638291124,
  0.0,
  0.0
 ],
 [
  [
   -0.0716842738652173,
   0.026349808173579462,
   0.28822791252654456
  ],
  [
   -0.04158342074112315,
   0.028033450232677094,
   0.2863571125750526
  ],
  [
   -0.04023270084518063,
   -0.0018610331771132206,
   0.28847735252007695
  ],
  [
   -0.07033355396927476,
   -0.0035446752362108492,
   0.29034815247156887
  ]
 ]
]
[
 [
  -0.09075712110370514,
  0.0,
  -0.36302848441482055,
  0.36302848441482055,
  0.0,
  0.0
 ],
 [
  [
   -0.07071443363170539,
   0.02477579595140214,
   0.28681482101934647
  ],
  [
   -0.040956386782291736,
   0.026656789580616284,
   0.28485876801449317
  ],
  [
   -0.038927813270985996,
   -0.0032742341046306154,
   0.2849955549379094
  ],
  [
   -0.06868586012039965,
   -0.005155227733844758,
   0.28695160794276275
  ]
 ]
]
[
 [
  -0.09773843811168245,
  0.0,
  -0.3909537524467298,
  0.3909537524467298,
  0.0,
  0.0
 ],
 [
  [
   -0.06961940667225291,
   0.0219423224067189,
   0.28486456499813056
  ],
  [
   -0.040138300648477336,
   0.023992326602216577,
   0.284864564998131
  ],
  [
   -0.03809100161904847,
   -0.00593773465204918,
   0.284864564998131
  ],
  [
   -0.06757210764282405,
   -0.007987738847546846,
   0.2848645649981306
  ]
 ]
]
[
 [
  -0.1047197551196598,
  0.0,
  -0.4188790204786392,
  0.4188790204786392,
  0.0,
  0.0
 ],
 [
  [
   -0.06869314465349938,
   0.018633198779609495,
   0.2844201197713999
  ],
  [
   -0.03950468428517513,
   0.021015898854723564,
   0.2862070665298484
  ],
  [
   -0.03676338202122627,
   -0.008784028654359096,
   0.28409766321348423
  ],
  [
   -0.0659518423895505,
   -0.011166728729473156,
   0.28231071645503575
  ]
 ]
]
[
 [
  -0.11170107212763711,
  0.0,
  -0.44680428851054843,
  0.44680428851054843,
  0.0,
  0.0
 ],
 [
  [
   -0.06832106318933555,
   0.01618573568500737,
   0.2845731483632903
  ],
  [
   -0.038461075427913716,
   0.018643224132857877,
   0.28457314836329023
  ],
  [
   -0.03600682985848181,
   -0.011256218649323248,
   0.28457314836329034
  ],
  [
   -0.06586681761990366,
   -0.013713707097173768,
   0.2845731483632905
  ]
 ]
]
[
 [
  -0.11868238913561442,
  0.0,
  -0.4747295565424577,
  0.4747295565424577,
  0.0,
  0.0
 ],
 [
  [
   -0.06698214318869612,
   0.012403059599565811,
   0.2823774445951701
  ],
  [
   -0.03760589201508566,
   0.01535142732097167,
   0.2842926683669298
  ],
  [
   -0.034722982253211,
   -0.014509167170710942,
   0.28410901677237743
  ],
  [
   -0.06409923342682146,
   -0.0174575348921168,
   0.2821937930006177
  ]
 ]
]
[
 [
  -0.12566370614359176,
  0.0,
  -0.502654824574367,
  0.502654824574367,
  0.0,
  0.0
 ],
 [
  [
   -0.06629260262351741,
   0.009952415220741188,
   0.2820340594753523
  ],
  [
   -0.03645345924334115,
   0.012909895838711497,
   0.2801467658332495
  ],
  [
   -0.03345651085504694,
   -0.016939404038096302,
   0.2803406658649724
  ],
  [
   -0.0632956542352232,
   -0.019896884656066618,
   0.2822279595070753
  ]
 ]
]
[
 [
  -0.1326450231515691,
  0.0,
  -0.5305800926062764,
  0.5305800926062764,
  0.0,
  0.0
 ],
 [
  [
   -0.06488713844916871,
   0.006866482461339509,
   0.2803405105028918
  ],
  [
   -0.035507093911829504,
   0.009959211019306264,
   0.2822266405337361
  ],
  [
   -0.03244244423010534,
   -0.01988322320800478,
   0.28203417828569055
  ],
  [
   -0.06182248876744454,
   -0.022975951765971524,
   0.28014804825484624
  ]
 ]
]
[
 [
  -0.1396263401595464,
  0.0,
  -0.5585053606381856,
  0.5585053606381856,
  0.0,
  0.0
 ],
 [
  [
   -0.06379385265282148,
   0.0040366213772902336,
   0.2799635620824803
  ],
  [
   -0.03424331516185272,
   0.007511725710352105,
   0.2818416604955079
  ],
  [
   -0.030776265105332854,
   -0.022286479362143813,
   0.2816259329750924
  ],
  [
   -0.06032680259630161,
   -0.025761583695205675,
   0.27974783456206487
  ]
 ]
]
[
 [
  -0.14660765716752372,
  0.0,
  -0.5864306286700949,
  0.5864306286700949,
  0.0,
  0.0
 ],
 [
  [
   -0.06247812707273896,
   0.0016058089383916667,
   0.27769281649354693
  ],
  [
   -0.033159899810058686,
   0.005237501733872749,
   0.27953869733078224
  ],
  [
   -0.02931788266240128,
   -0.024514519187283142,
   0.27930172614221827
  ],
  [
   -0.058636109925081524,
   -0.028146211982764208,
   0.27745584530498285
  ]
 ]
]
[
 [
  -0.15358897417550105,
  0.0,
  -0.6143558967020042,
  0.6143558967020042,
  0.0,
  0.0
 ],
 [
  [
   -0.05998563680351378,
   -0.0019428896435311183,
   0.27094198083333954
  ],
  [
   -0.031035228134515647,
   0.0017765303748494244,
   0.27321474062258927
  ],
  [
   -0.027841515179069052,
   -0.027860308760900298,
   0.27659970201083384
  ],
  [
   -0.056791923848067166,
   -0.031579728779280836,
   0.274326942221584
  ]
 ]
]
[
 [
  -0.16057029118347838,
  0.0,
  -0.6422811647339135,
  0.6422811647339135,
  0.0,
  0.0
 ],
 [
  [
   -0.060343518301403415,
   -0.003162142324432244,
   0.27523887350317827
  ],
  [
   -0.03086953107186177,
   0.0009973984574949818,
   0.2752388735031784
  ],
  [
   -0.026715479180449846,
   -0.028713607127699495,
   0.27523887350317827
  ],
  [
   -0.0561894664099915,
   -0.03287314790962671,
   0.2752388735031782
  ]
 ]
]
[
 [
  -0.1675516081914557,
  0.0,
  -0.6702064327658228,
  0.6702064327658228,
  0.0,
  0.0
 ],
 [
  [
   -0.058720667461941205,
   -0.007024133860248804,
   0.2713953687435684
  ],
  [
   -0.029290733953474524,
   -0.002944555039719567,
   0.2734268415192972
  ],
  [
   -0.025303440131461276,
   -0.03263978826242255,
   0.27494163913819303
  ],
  [
   -0.05473337363992793,
   -0.03671936708295177,
   0.2729101663624641
  ]
 ]
]
[
 [
  -0.174532925199433,
  0.0,
  -0.698131700797732,
  0.698131700797732,
  0.0,
  0.0
 ],
 [
  [
   -0.058033281708004786,
   -0.00902195976904628,
   0.27274828323282624
  ],
  [
   -0.028601934101317995,
   -0.0045030807346663785,
   0.2724811221019393
  ],
  [
   -0.023941697650653373,
   -0.03408626684041302,
   0.2707155354978172
  ],
  [
   -0.05337304525734015,
   -0.03860514587479292,
   0.27098269662870406
  ]
 ]
]
[
 [
  -0.16755160819145562,
  0.0,
  -0.6911503837897546,
  0.6702064327658225,
  0.0,
  0.006981317007977318
 ],
 [
  [
   -0.056320926047660425,
   -0.01099975593417232,
   0.2683258038060464
  ],
  [
   -0.02703624534423902,
   -0.00637188652877047,
   0.26859951254845316
  ],
  [
   -0.0225478635813293,
   -0.03598353028710872,
   0.2703330012503623
  ],
  [
   -0.05183254428475071,
   -0.04061139969251057,
   0.27005929250795563
  ]
 ]
]
[
 [
  -0.1605702911834783,
  0.0,
  -0.6841690667817772,
  0.6422811647339132,
  0.0,
  0.013962634015954637
 ],
 [
  [
   -0.05595855917589225,
   -0.013220468692240027,
   0.27030146876016653
  ],
  [
   -0.02606904709546522,
   -0.008304204628838125,
   0.2685789428440388
  ],
  [
   -0.021265670330925444,
   -0.03791582992668713,
   0.2688604013270661
  ],
  [
   -0.05115518241135249,
   -0.04283209399008904,
   0.2705829272431939
  ]
 ]
]
[
 [
  -0.15358897417550096,
  0.0,
  -0.6771877497737999,
  0.6143558967020039,
  0.0,
  0.020943951023931956
 ],
 [
  [
   -0.054160428367738565,
   -0.016297662126398306,
   0.26344493199710795
  ],
  [
   -0.025186911359881565,
   -0.011834142979060918,
   0.26538571495776864
  ],
  [
   -0.02071945150118974,
   -0.041465759651664894,
   0.2668031407155545
  ],
  [
   -0.049692968509046746,
   -0.04592927879900229,
   0.26486235775489386
  ]
 ]
]
[
 [
  -0.14660765716752366,
  0.0,
  -0.6702064327658226,
  0.5864306286700947,
  0.0,
  0.027925268031909273
 ],
 [
  [
   -0.05509766035325416,
   -0.02221040201060516,
   0.2661429947100837
  ],
  [
   -0.025457084222400908,
   -0.01729702337776789,
   0.2642306027525908
  ],
  [
   -0.02078708368988376,
   -0.04689722652911674,
   0.26280966347691154
  ],
  [
   -0.05042765982073701,
   -0.051810605161954,
   0.2647220554344044
  ]
 ]
]
[
 [
  -0.1396263401595463,
  0.0,
  -0.6632251157578454,
  0.5585053606381852,
  0.0,
  0.03490658503988659
 ],
 [
  [
   -0.05570364051190868,
   -0.025202850790715086,
   0.26538491399506803
  ],
  [
   -0.025925018842374935,
   -0.02059962623055033,
   0.2651319355649182
  ],
  [
   -0.02159730524924637,
   -0.050239670076325335,
   0.26347703500102154
  ],
  [
   -0.05137592691878011,
   -0.054842894636490086,
   0.26373001343117136
  ]
 ]
]
[
 [
  -0.132645023151569,
  0.0,
  -0.656243798749868,
  0.530580092606276,
  0.0,
  0.041887902047863905
 ],
 [
  [
   -0.05607192245922551,
   -0.029678492783381062,
   0.2644233262910968
  ],
  [
   -0.0261889654204892,
   -0.025256646782517083,
   0.26395121508905595
  ],
  [
   -0.021930707342090208,
   -0.05477300386675026,
   0.26068748982277085
  ],
  [
   -0.05181366438082651,
   -0.05919484986761424,
   0.2611596010248117
  ]
 ]
]
[
 [
  -0.12566370614359168,
  0.0,
  -0.6492624817418908,
  0.5026548245743667,
  0.0,
  0.048869219055841226
 ],
 [
  [
   -0.056249659056827224,
   -0.03217262262303154,
   0.2599748541911918
  ],
  [
   -0.026868995530963294,
   -0.028203994816316916,
   0.26133997311667473
  ],
  [
   -0.022952747602869212,
   -0.057892352232820424,
   0.2595331980682417
  ],
  [
   -0.052333411128733145,
   -0.06186098003953505,
   0.2581680791427588
  ]
 ]
]
[
 [
  -0.11868238913561435,
  0.0,
  -0.6422811647339135,
  0.4747295565424574,
  0.0,
  0.05585053606381855
 ],
 [
  [
   -0.05626448077242284,
   -0.03254715576009052,
   0.2541343342069283
  ],
  [
   -0.027062254067402588,
   -0.028911734575576182,
   0.2543304330797297
  ],
  [
   -0.02428750933631696,
   -0.05874139811004413,
   0.25590902900578066
  ],
  [
   -0.053489736041337235,
   -0.06237681929455848,
   0.2557129301329794
  ]
 ]
]
[
 [
  -0.11170107212763702,
  0.0,
  -0.6352998477259362,
  0.4468042885105481,
  0.0,
  0.06283185307179585
 ],
 [
  [
   -0.05915584067190001,
   -0.03764663721304767,
   0.2629264476686126
  ],
  [
   -0.028856806903494434,
   -0.03378635929368371,
   0.26233617651467583
  ],
  [
   -0.025369234913771743,
   -0.06319685067191473,
   0.25755498016778733
  ],
  [
   -0.05566826868217734,
   -0.06705712859127871,
   0.2581452513217242
  ]
 ]
]
[
 [
  -0.10471975511965971,
  0.0,
  -0.6283185307179588,
  0.41887902047863884,
  0.0,
  0.06981317007977317
 ],
 [
  [
   -0.059325976473578276,
   -0.03723109824406981,
   0.2587239454524868
  ],
  [
   -0.029891551563317156,
   -0.03424219081989552,
   0.2614920889315594
  ],
  [
   -0.02671534011028666,
   -0.06387336017417271,
   0.2580416565667998
  ],
  [
   -0.0561497650205478,
   -0.06686226759834703,
   0.2552735130877272
  ]
 ]
]
[
 [
  -0.0977384381116824,
  0.0,
  -0.6213372137099816,
  0.3909537524467296,
  0.0,
  0.07679448708775048
 ],
 [
  [
   -0.06130482043785684,
   -0.04128573585907563,
   0.2608141284132151
  ],
  [
   -0.03087751222554706,
   -0.03783226896399962,
   0.2602981189263567
  ],
  [
   -0.02793177350612018,
   -0.06731479388217909,
   0.2555966991572023
  ],
  [
   -0.05835908171842995,
   -0.0707682607772551,
   0.25611270864406066
  ]
 ]
]
[
 [
  -0.09075712110370505,
  0.0,
  -0.6143558967020043,
  0.3630284844148202,
  0.0,
  0.08377580409572781
 ],
 [
  [
   -0.061514419661519944,
   -0.04247258157437619,
   0.2577651421646338
  ],
  [
   -0.03179995730427691,
   -0.039643473693012576,
   0.2586712528694964
  ],
  [
   -0.028847248962795332,
   -0.0688223262171774,
   0.2523565019778788
  ],
  [
   -0.05856171132003836,
   -0.07165143409854102,
   0.25145039127301627
  ]
 ]
]
[
 [
  -0.08377580409572774,
  0.0,
  -0.607374579694027,
  0.33510321638291096,
  0.0,
  0.09075712110370514
 ],
 [
  [
   -0.06220066252040036,
   -0.04606088117586148,
   0.2530208692868211
  ],
  [
   -0.032696252294778995,
   -0.04351083400614709,
   0.2540790837397824
  ],
  [
   -0.03030688910163089,
   -0.07305393145996787,
   0.24944266956875782
  ],
  [
   -0.05981129932725226,
   -0.07560397862968227,
   0.24838445511579654
  ]
 ]
]
[
 [
  -0.07679448708775041,
  0.0,
  -0.6003932626860496,
  0.30717794835100165,
  0.0,
  0.09773843811168245
 ],
 [
  [
   -0.062960534050564,
   -0.04572030958626085,
   0.25315152574567384
  ],
  [
   -0.03364205975159442,
   -0.0436071774593901,
   0.2557162743655285
  ],
  [
   -0.031398335296129926,
   -0.07314940398929393,
   0.25100219415579544
  ],
  [
   -0.06071680959509951,
   -0.07526253611616468,
   0.24843744553594074
  ]
 ]
]
[
 [
  -0.06981317007977308,
  0.0,
  -0.5934119456780724,
  0.27925268031909234,
  0.0,
  0.1047197551196598
 ],
 [
  [
   -0.06463628960229412,
   -0.04979975563274154,
   0.25259026024191905
  ],
  [
   -0.03502251806890793,
   -0.04808449938358985,
   0.2550623381689066
  ],
  [
   -0.03311585653784947,
   -0.07740284602103199,
   0.2489961043906248
  ],
  [
   -0.06272962807123564,
   -0.07911810227018366,
   0.24652402646363722
  ]
 ]
]
[
 [
  -0.06283185307179578,
  0.0,
  -0.5864306286700951,
  0.25132741228718314,
  0.0,
  0.11170107212763711
 ],
 [
  [
   -0.06506292432041705,
   -0.05037738084847694,
   0.2500439199626343
  ],
  [
   -0.035786054819838285,
   -0.049341943294118416,
   0.2539763461470615
  ],
  [
   -0.03423108622815468,
   -0.07869957474185114,
   0.24800043212007183
  ],
  [
   -0.06350795572873344,
   -0.07973501229620969,
   0.2440680059356447
  ]
 ]
]
[
 [
  -0.055850536063818464,
  0.0,
  -0.5794493116621179,
  0.22340214425527385,
  0.0,
  0.11868238913561442
 ],
 [
  [
   -0.06720343217701963,
   -0.05450311418583458,
   0.24998459955406552
  ],
  [
   -0.03754565654042594,
   -0.053375572545837795,
   0.25230818499674035
  ],
  [
   -0.03590132664850952,
   -0.0820402024512752,
   0.24361133662558584
  ],
  [
   -0.06555910228510321,
   -0.08316774409127202,
   0.24128775118291104
  ]
 ]
]
[
 [
  -0.04886921905584115,
  0.0,
  -0.5724679946541406,
  0.1954768762233646,
  0.0,
  0.12566370614359176
 ],
 [
  [
   -0.06864601695075158,
   -0.05426115370591462,
   0.2480560580960155
  ],
  [
   -0.038691736453317874,
   -0.05307221235559624,
   0.249178891637255
  ],
  [
   -0.03797713442263163,
   -0.08251145378966146,
   0.24344998181735417
  ],
  [
   -0.06793141492006535,
   -0.08370039513997987,
   0.24232714827611476
  ]
 ]
]
[
 [
  -0.04188790204786383,
  0.0,
  -0.5654866776461632,
  0.16755160819145531,
  0.0,
  0.1326450231515691
 ],
 [
  [
   -0.06957806013344985,
   -0.05878618422801023,
   0.2475664181875085
  ],
  [
   -0.039685613475304665,
   -0.058057884766452905,
   0.2497986581711659
  ],
  [
   -0.03809146221681625,
   -0.08587760436338858,
   0.23868461825253443
  ],
  [
   -0.06798390887496143,
   -0.0866059038249459,
   0.23645237826887702
  ]
 ]
]
[
 [
  -0.034906585039886515,
  0.0,
  -0.5585053606381859,
  0.13962634015954606,
  0.0,
  0.1396263401595464
 ],
 [
  [
   -0.07191840911630899,
   -0.06044121976271826,
   0.2470491311132954
  ],
  [
   -0.041727007794772654,
   -0.05979594820328626,
   0.24805995149546237
  ],
  [
   -0.04055495111580389,
   -0.08767451039150607,
   0.23704123771122945
  ],
  [
   -0.07074635243734023,
   -0.08831978195093809,
   0.2360304173290625
  ]
 ]
]
[
 [
  -0.027925268031909197,
  0.0,
  -0.5515240436302087,
  0.11170107212763679,
  0.0,
  0.14660765716752372
 ],
 [
  [
   -0.07185179889987861,
   -0.06105258371319525,
   0.2438107154529136
  ],
  [
   -0.04217989386756063,
   -0.06163984707781898,
   0.2475789376029463
  ],
  [
   -0.04156084383911265,
   -0.08968642789094951,
   0.23694850573237694
  ],
  [
   -0.07123274887143065,
   -0.08909916452632581,
   0.2331802835823443
  ]
 ]
]
[
 [
  -0.02094395102393188,
  0.0,
  -0.5445427266222314,
  0.08377580409572752,
  0.0,
  0.15358897417550105
 ],
 [
  [
   -0.07332610187848078,
   -0.06386181524520153,
   0.24116763104362848
  ],
  [
   -0.04360245287111106,
   -0.06432997059039258,
   0.24359758577460752
  ],
  [
   -0.04300055171768487,
   -0.09193036920007024,
   0.23185638857890348
  ],
  [
   -0.07272420072505457,
   -0.09146221385487915,
   0.22942643384792438
  ]
 ]
]
[
 [
  -0.013962634015954562,
  0.0,
  -0.537561409614254,
  0.05585053606381825,
  0.0,
  0.16057029118347838
 ],
 [
  [
   -0.07388932932210127,
   -0.06399304660353074,
   0.2390644357097327
  ],
  [
   -0.044751940872940016,
   -0.06570252350016116,
   0.244137983381747
  ],
  [
   -0.04467665669058633,
   -0.09346739795358963,
   0.23277549778759804
  ],
  [
   -0.07381404513974761,
   -0.09175792105695924,
   0.2277019501155838
  ]
 ]
]
[
 [
  -0.006981317007977243,
  0.0,
  -0.5305800926062768,
  0.02792526803190897,
  0.0,
  0.1675516081914557
 ],
 [
  [
   -0.07547588692597933,
   -0.06513133703973412,
   0.23756866945925023
  ],
  [
   -0.04639397353170226,
   -0.06704321784335247,
   0.24263165336392523
  ],
  [
   -0.04592879486896349,
   -0.09376786689060829,
   0.22900899789178097
  ],
  [
   -0.07501070826324059,
   -0.09185598608698994,
   0.22394601398710604
  ]
 ]
]
[
 [
  7.557048412352035e-17,
  0.0,
  -0.5235987755982995,
  -3.022819364940814e-16,
  0.0,
  0.174532925199433
 ],
 [
  [
   -0.07642881533473078,
   -0.06739288047260614,
   0.23472721458745383
  ],
  [
   -0.04739540589459039,
   -0.06970012091704005,
   0.23975849834316837
  ],
  [
   -0.047968842331080404,
   -0.09718794805752534,
   0.22775472686299986
  ],
  [
   -0.07700225177122075,
   -0.09488070761309136,
   0.2227234431072852
  ]
 ]
]
[
 [
  0.0,
  0.003490658503988659,
  -0.5026548245743669,
  0.0,
  0.0,
  0.16755160819145562
 ],
 [
  [
   -0.07830954973919743,
   -0.06849243985671534,
   0.23329420077744611
  ],
  [
   -0.049102209590653034,
   -0.07065816215872843,
   0.2371826502895555
  ],
  [
   -0.04919180787726347,
   -0.09704655236502774,
   0.22291223212935002
  ],
  [
   -0.07839914802580789,
   -0.09488083006301468,
   0.21902378261724065
  ]
 ]
]
[
 [
  0.0,
  0.010471975511965978,
  -0.460766922526503,
  0.0,
  0.0,
  0.15358897417550096
 ],
 [
  [
   -0.0787629381789772,
   -0.0625422057555477,
   0.2336444023305349
  ],
  [
   -0.050337918892041235,
   -0.06535258356510788,
   0.23900303636638695
  ],
  [
   -0.050118139922002015,
   -0.09101785538564401,
   0.22347095602979575
  ],
  [
   -0.07854315920893798,
   -0.08820747757608383,
   0.2181123219939437
  ]
 ]
]
[
 [
  0.0,
  0.013962634015954637,
  -0.4398229715025711,
  0.0,
  0.0,
  0.14660765716752366
 ],
 [
  [
   -0.08025038010714353,
   -0.06107135503989016,
   0.23907618357574512
  ],
  [
   -0.05098954602864754,
   -0.0640668592477777,
   0.24460092096968425
  ],
  [
   -0.052234534214359724,
   -0.09197150400510228,
   0.23365647921210905
  ],
  [
   -0.08149536829285575,
   -0.08897599979721477,
   0.22813174181817003
  ]
 ]
]
[
 [
  0.0,
  0.017453292519943295,
  -0.4188790204786392,
  0.0,
  0.0,
  0.1396263401595463
 ],
 [
  [
   -0.07921110414494975,
   -0.05419223727200372,
   0.24061665379084796
  ],
  [
   -0.05037688617729949,
   -0.05659947439706395,
   0.24504118141558295
  ],
  [
   -0.05048140536972413,
   -0.0831174226390792,
   0.23101308472457693
  ],
  [
   -0.0793156233373744,
   -0.08071018551401898,
   0.2265885570998419
  ]
 ]
]
[
 [
  0.0,
  0.020943951023931952,
  -0.3979350694547072,
  0.0,
  0.0,
  0.132645023151569
 ],
 [
  [
   -0.08141361148630462,
   -0.048936125706653,
   0.2473071292254133
  ],
  [
   -0.05195052173777577,
   -0.05109669981893502,
   0.251815290836526
  ],
  [
   -0.052705416456330575,
   -0.07914213156140565,
   0.24119060767219966
  ],
  [
   -0.08216850620485944,
   -0.07698155744912365,
   0.23668244606108707
  ]
 ]
]
[
 [
  0.0,
  0.024434609527920613,
  -0.37699111843077526,
  0.0,
  0.0,
  0.12566370614359168
 ],
 [
  [
   -0.08132439232002689,
   -0.04664733011284888,
   0.2464979707798756
  ],
  [
   -0.052044148399946255,
   -0.048323694668982765,
   0.24965993269596143
  ],
  [
   -0.05177454396208057,
   -0.07511023713043186,
   0.23615406521519336
  ],
  [
   -0.08105478788216122,
   -0.07343387257429798,
   0.23299210329910758
  ]
 ]
]
[
 [
  0.0,
  0.027925268031909273,
  -0.35604716740684333,
  0.0,
  0.0,
  0.11868238913561435
 ],
 [
  [
   -0.0826872045352312,
   -0.040204113435099005,
   0.2528317808009441
  ],
  [
   -0.05331272091745813,
   -0.042061715718615965,
   0.257521047357453
  ],
  [
   -0.053961580655623245,
   -0.07041981567176939,
   0.24775390099389585
  ],
  [
   -0.08333606427339636,
   -0.06856221338825245,
   0.24306463443738702
  ]
 ]
]
[
 [
  0.0,
  0.03141592653589793,
  -0.3351032163829114,
  0.0,
  0.0,
  0.11170107212763702
 ],
 [
  [
   -0.08345577029818618,
   -0.03537961269731298,
   0.25744479399981285
  ],
  [
   -0.05361208596505288,
   -0.036963640785565494,
   0.2607777073953042
  ],
  [
   -0.05434682124733511,
   -0.06564669586174464,
   0.25201742683119877
  ],
  [
   -0.08419050558046837,
   -0.06406266777349211,
   0.24868451343570733
  ]
 ]
]
[
 [
  0.0,
  0.034906585039886584,
  -0.3141592653589794,
  0.0,
  0.0,
  0.10471975511965971
 ],
 [
  [
   -0.08432369183504496,
   -0.031351242267769204,
   0.25783565051205215
  ],
  [
   -0.0549600004154299,
   -0.03308226388339002,
   0.26274167319648634
  ],
  [
   -0.055508210451513294,
   -0.061780265870073896,
   0.2540167578542824
  ],
  [
   -0.08487190187112835,
   -0.06004924425445307,
   0.2491107351698482
  ]
 ]
]
[
 [
  0.0,
  0.03839724354387524,
  -0.2932153143350475,
  0.0,
  0.0,
  0.0977384381116824
 ],
 [
  [
   -0.08408160683707853,
   -0.024686873640781114,
   0.259951697225436
  ],
  [
   -0.05471909054158676,
   -0.025962112081015187,
   0.2633999473614104
  ],
  [
   -0.054514374301835145,
   -0.054024196125510175,
   0.25279440492639654
  ],
  [
   -0.08387689059732689,
   -0.05274895768527609,
   0.249346154790422
  ]
 ]
]
[
 [
  0.0,
  0.041887902047863905,
  -0.27227136331111557,
  0.0,
  0.0,
  0.09075712110370505
 ],
 [
  [
   -0.0857625404547303,
   -0.020555246026421614,
   0.26456073056878276
  ],
  [
   -0.055719726479481015,
   -0.02146287395214251,
   0.26637361816975696
  ],
  [
   -0.05611144544950494,
   -0.050402425524900415,
   0.25847748550773747
  ],
  [
   -0.08615425942475427,
   -0.04949479759917954,
   0.25666459790676344
  ]
 ]
]
[
 [
  0.0,
  0.04537856055185257,
  -0.2513274122871836,
  0.0,
  0.0,
  0.08377580409572774
 ],
 [
  [
   -0.08621302031509455,
   -0.016261268856664707,
   0.2659503731835255
  ],
  [
   -0.05691245464344976,
   -0.017554459416060417,
   0.27114398165001724
  ],
  [
   -0.0577108833354019,
   -0.0469010224731917,
   0.26496808103895775
  ],
  [
   -0.0870114490070467,
   -0.045607831913796,
   0.25977447257246605
  ]
 ]
]
[
 [
  0.0,
  0.048869219055841226,
  -0.23038346126325165,
  0.0,
  0.0,
  0.07679448708775041
 ],
 [
  [
   -0.08722832487436011,
   -0.010813155504926083,
   0.2684871472415078
  ],
  [
   -0.057662037250672114,
   -0.012011340554480956,
   0.27377774626597207
  ],
  [
   -0.058617872553380024,
   -0.041634078448728816,
   0.26913234224449134
  ],
  [
   -0.08818416017706804,
   -0.040435893399173944,
   0.2638417432200271
  ]
 ]
]
[
 [
  0.0,
  0.0523598775598299,
  -0.20943951023931973,
  0.0,
  0.0,
  0.06981317007977308
 ],
 [
  [
   -0.0871093347776413,
   -0.005225947514467355,
   0.26931240102848325
  ],
  [
   -0.05842576170244631,
   -0.006558370152916723,
   0.27646051420279644
  ],
  [
   -0.05940051218315386,
   -0.036182622004333455,
   0.2718287150119643
  ],
  [
   -0.08808408525834885,
   -0.03485019936588408,
   0.26468060183765113
  ]
 ]
]
[
 [
  0.0,
  0.055850536063818554,
  -0.1884955592153878,
  0.0,
  0.0,
  0.06283185307179578
 ],
 [
  [
   -0.08797018764596651,
   -0.0007776746997220841,
   0.2725795233471318
  ],
  [
   -0.05877622153473972,
   -0.001794207980058298,
   0.27811882900469326
  ],
  [
   -0.05894715554136289,
   -0.03106351419959837,
   0.27154018970829064
  ],
  [
   -0.08814112165258971,
   -0.030046980919262167,
   0.2660008840507293
  ]
 ]
]
[
 [
  0.0,
  0.05934119456780721,
  -0.16755160819145584,
  0.0,
  0.0,
  0.055850536063818464
 ],
 [
  [
   -0.08878779397312457,
   0.0045504975387081975,
   0.2745016253190579
  ],
  [
   -0.059006383468952935,
   0.003985069786041927,
   0.2763881543917584
  ],
  [
   -0.059459353787777905,
   -0.02556049371191103,
   0.2712060220624277
  ],
  [
   -0.08924076429194953,
   -0.024995065959244743,
   0.26931949298972724
  ]
 ]
]
[
 [
  0.0,
  0.06283185307179588,
  -0.14660765716752389,
  0.0,
  0.0,
  0.04886921905584115
 ],
 [
  [
   -0.089860116716147,
   0.009981350046258455,
   0.27720095511826337
  ],
  [
   -0.0601964874708339,
   0.009309818585705816,
   0.28101663790449866
  ],
  [
   -0.06047905134054496,
   -0.02024181392594835,
   0.27585706684135014
  ],
  [
   -0.09014268058585809,
   -0.0195702824653957,
   0.2720413840551149
  ]
 ]
]
[
 [
  0.0,
  0.06632251157578455,
  -0.12566370614359193,
  0.0,
  0.0,
  0.04188790204786383
 ],
 [
  [
   -0.08998138997402652,
   0.014421394174132901,
   0.27819181771556106
  ],
  [
   -0.06041740796298576,
   0.013809402030019798,
   0.28204796608587807
  ],
  [
   -0.0604896607998454,
   -0.015730209314177276,
   0.27681287858313774
  ],
  [
   -0.09005364281088615,
   -0.01511821717006419,
   0.2729567302128207
  ]
 ]
]
[
 [
  0.0,
  0.0698131700797732,
  -0.10471975511965999,
  0.0,
  0.0,
  0.034906585039886515
 ],
 [
  [
   -0.0908840815673535,
   0.02108353412425204,
   0.28160835274297535
  ],
  [
   -0.06115457121145612,
   0.020552292678961984,
   0.2854892821223373
  ],
  [
   -0.06201426838889533,
   -0.009387190413995616,
   0.28378979017189787
  ],
  [
   -0.09174377874479268,
   -0.008855948968705559,
   0.2799088607925358
  ]
 ]
]
[
 [
  0.0,
  0.07330382858376186,
  -0.08377580409572803,
  0.0,
  0.0,
  0.027925268031909197
 ],
 [
  [
   -0.09066988061583316,
   0.02557008721860024,
   0.2796989190049824
  ],
  [
   -0.061571924695224746,
   0.025113124635587566,
   0.2836311940567532
  ],
  [
   -0.061401462560346294,
   -0.004398022779887149,
   0.27824017180835764
  ],
  [
   -0.09049941848095475,
   -0.003941060196874454,
   0.274307896756587
  ]
 ]
]
[
 [
  0.0,
  0.07679448708775052,
  -0.06283185307179608,
  0.0,
  0.0,
  0.02094395102393188
 ],
 [
  [
   -0.09357963069093445,
   0.030759583944946364,
   0.28488534354904105
  ],
  [
   -0.06351323109045001,
   0.03035510628972391,
   0.28687535146353826
  ],
  [
   -0.06413172152569975,
   0.00041753892457684414,
   0.28504244943702783
  ],
  [
   -0.09419812112618418,
   0.0008220165797992977,
   0.2830524415225306
  ]
 ]
]
[
 [
  0.0,
  0.08028514559173919,
  -0.04188790204786411,
  0.0,
  0.0,
  0.013962634015954562
 ],
 [
  [
   -0.09322606334433865,
   0.03603246279317056,
   0.2844312883544459
  ],
  [
   -0.06342096703777693,
   0.03567084687366408,
   0.28645861494921504
  ],
  [
   -0.06319985286829008,
   0.005907201680601723,
   0.28270674430305115
  ],
  [
   -0.09300494917485176,
   0.006268817600108192,
   0.28067941770828186
  ]
 ]
]
[
 [
  0.0,
  0.08377580409572785,
  -0.020943951023932164,
  0.0,
  0.0,
  0.006981317007977243
 ],
 [
  [
   -0.09422359090541875,
   0.04043734093940022,
   0.28374173518135964
  ],
  [
   -0.0644688522686403,
   0.03983589216656477,
   0.2838210221788953
  ],
  [
   -0.06440328465375351,
   0.010081734362339898,
   0.2799888172979993
  ],
  [
   -0.09415802329053197,
   0.01068318313517536,
   0.2799095303004636
  ]
 ]
]
[
 [
  0.0,
  0.0872664625997165,
  -2.092721098805179e-16,
  0.0,
  0.0,
  -7.557048412352035e-17
 ],
 [
  [
   -0.09437012782846374,
   0.043567878439977295,
   0.28418301151580394
  ],
  [
   -0.06569961894730185,
   0.0436485809561278,
   0.290157473656142
  ],
  [
   -0.06591398701710004,
   0.013703339932623583,
   0.2883584221352313
  ],
  [
   -0.09458449589826189,
   0.013622637416473083,
   0.28238395999489313
  ]
 ]
]
[
 [
  0.0,
  0.08726646259971647,
  0.015358897417550098,
  0.0,
  -0.006981317007977318,
  0.0
 ],
 [
  [
   -0.09529941907261086,
   0.04894812847360317,
   0.28574460508453947
  ],
  [
   -0.06623598108564728,
   0.04880306420695732,
   0.2897670715849922
  ],
  [
   -0.06643116157379614,
   0.01886152462330169,
   0.28790532188714746
  ],
  [
   -0.09549459956075966,
   0.019006588889947485,
   0.28388285538669444
  ]
 ]
]
[
 [
  0.0,
  0.08726646259971647,
  0.030717794835100197,
  0.0,
  -0.013962634015954637,
  0.0
 ],
 [
  [
   -0.09623996515444697,
   0.05376807520376934,
   0.2873263975452732
  ],
  [
   -0.06676746117059519,
   0.05352444078464813,
   0.2893628072204333
  ],
  [
   -0.06673294171786762,
   0.023587259094422993,
   0.28742271421909815
  ],
  [
   -0.09620544570171935,
   0.02383089351354417,
   0.285386304543938
  ]
 ]
]
[
 [
  0.0,
  0.08726646259971647,
  0.046076692252650306,
  0.0,
  -0.020943951023931956,
  0.0
 ],
 [
  [
   -0.09730984841084522,
   0.057920007724446075,
   0.29052055603609966
  ],
  [
   -0.06776024998677753,
   0.05788194361890496,
   0.2945829914671734
  ],
  [
   -0.068880095442617,
   0.02797562817231975,
   0.2966706318970308
  ],
  [
   -0.09842969386668465,
   0.028013692277860863,
   0.2926081964659569
  ]
 ]
]
[
 [
  0.0,
  0.08726646259971647,
  0.061435589670200394,
  0.0,
  -0.027925268031909273,
  0.0
 ],
 [
  [
   -0.09696431362336316,
   0.06146425102706255,
   0.2894889548135258
  ],
  [
   -0.06679656841697723,
   0.0610475943804755,
   0.2894889548135257
  ],
  [
   -0.06700462183219372,
   0.03104831582621001,
   0.2894889548135258
  ],
  [
   -0.0971723670385796,
   0.03146497247279701,
   0.28948895481352577
  ]
 ]
]
[
 [
  0.0,
  0.08726646259971647,
  0.07679448708775051,
  0.0,
  -0.03490658503988659,
  0.0
 ],
 [
  [
   -0.09696971825720782,
   0.06542613571325881,
   0.28950509045915024
  ],
  [
   -0.06726738140221299,
   0.06525422685948683,
   0.29152940632531166
  ],
  [
   -0.06748013261658768,
   0.03525498450210596,
   0.29154336712438866
  ],
  [
   -0.09718246947158257,
   0.035426893355877995,
   0.2895190512582274
  ]
 ]
]
[
 [
  0.0,
  0.08726646259971647,
  0.09215338450530061,
  0.0,
  -0.041887902047863905,
  0.0
 ],
 [
  [
   -0.09847674712716797,
   0.06946755093342996,
   0.2933748705324987
  ],
  [
   -0.06815991676736957,
   0.06909617632811464,
   0.29539755608384954
  ],
  [
   -0.06906075195909192,
   0.039179940253870664,
   0.2974487301640923
  ],
  [
   -0.09937758231889036,
   0.039551314859186025,
   0.2954260446127416
  ]
 ]
]
[
 [
  0.0,
  0.08726646259971647,
  0.1075122819228507,
  0.0,
  -0.048869219055841226,
  0.0
 ],
 [
  [
   -0.0978542472984512,
   0.07364381118881116,
   0.2915203636363636
  ],
  [
   -0.06794998297443192,
   0.07373989436619716,
   0.2935733239436619
  ],
  [
   -0.06794998297443192,
   0.043739894366197164,
   0.2935733239436619
  ],
  [
   -0.09785424729845117,
   0.043643811188811166,
   0.2915203636363635
  ]
 ]
]
[
 [
  0.0,
  0.08726646259971647,
  0.12287117934040079,
  0.0,
  -0.05585053606381855,
  0.0
 ],
 [
  [
   -0.09924780334896036,
   0.07899179069747647,
   0.29504024243416466
  ],
  [
   -0.06826299323753299,
   0.07811215105105183,
   0.29492566369923834
  ],
  [
   -0.06964089963354288,
   0.048425072998429644,
   0.29902185347283905
  ],
  [
   -0.10062570974497022,
   0.04930471264485424,
   0.29913643220776526
  ]
 ]
]
[
 [
  0.0,
  0.08726646259971647,
  0.1382300767579509,
  0.0,
  -0.06283185307179585,
  0.0
 ],
 [
  [
   -0.09738276233307923,
   0.08146572916666663,
   0.2894959166666665
  ],
  [
   -0.06721429162954323,
   0.08084072916666665,
   0.28949591666666663
  ],
  [
   -0.0672142916295432,
   0.05084072916666663,
   0.2894959166666665
  ],
  [
   -0.09738276233307921,
   0.05146572916666662,
   0.28949591666666646
  ]
 ]
]
[
 [
  0.0,
  0.08726646259971647,
  0.15358897417550102,
  0.0,
  -0.06981317007977317,
  0.0
 ],
 [
  [
   -0.09770384232410187,
   0.08507865286665131,
   0.29045041152897594
  ],
  [
   -0.06836910233144416,
   0.08519643409032764,
   0.29446975444161305
  ],
  [
   -0.06905699051483788,
   0.05527411673614526,
   0.29651468329190184
  ],
  [
   -0.09839173050749557,
   0.05515633551246894,
   0.2924953403792647
  ]
 ]
]
[
 [
  0.0,
  0.08726646259971647,
  0.16894787159305114,
  0.0,
  -0.07679448708775048,
  0.0
 ],
 [
  [
   -0.09927934729774832,
   0.08965727172619894,
   0.29450480517167055
  ],
  [
   -0.06882875053381675,
   0.08918261170792366,
   0.2964494863477892
  ],
  [
   -0.06999757521254533,
   0.05948762441661374,
   0.300553335594452
  ],
  [
   -0.10044817197647687,
   0.05996228443488898,
   0.29860865441833323
  ]
 ]
]
[
 [
  0.0,
  0.08726646259971647,
  0.18430676901060122,
  0.0,
  -0.08377580409572781,
  0.0
 ],
 [
  [
   -0.09919571372064451,
   0.09382865357935381,
   0.2936307073922241
  ],
  [
   -0.06883026954601093,
   0.09358840840971853,
   0.29554119609290624
  ],
  [
   -0.07048487813257717,
   0.06427713328665319,
   0.3017146409242164
  ],
  [
   -0.1008503223072107,
   0.0645173784562884,
   0.29980415222353407
  ]
 ]
]
[
 [
  0.0,
  0.08726646259971647,
  0.19966566642815134,
  0.0,
  -0.09075712110370514,
  0.0
 ],
 [
  [
   -0.09914867644503157,
   0.09716350051259832,
   0.29349147165315853
  ],
  [
   -0.06928882944911441,
   0.09742342218572576,
   0.29751014584622454
  ],
  [
   -0.0704614425972881,
   0.06772862967633754,
   0.30161432374552577
  ],
  [
   -0.1003212895932053,
   0.06746870800321016,
   0.29759564955245993
  ]
 ]
]
[
 [
  0.0,
  0.08726646259971647,
  0.21502456384570146,
  0.0,
  -0.09773843811168245,
  0.0
 ],
 [
  [
   -0.09889841367223177,
   0.10154775321811835,
   0.29212918623151757
  ],
  [
   -0.06917368636493698,
   0.10186331888870438,
   0.29610200791927255
  ],
  [
   -0.07012154161629783,
   0.07215406977413176,
   0.3001593577280437
  ],
  [
   -0.09984626892359269,
   0.07183850410354578,
   0.2961865360402889
  ]
 ]
]
[
 [
  0.0,
  0.08726646259971647,
  0.23038346126325157,
  0.0,
  -0.1047197551196598,
  0.0
 ],
 [
  [
   -0.09896699531987076,
   0.10413197450002362,
   0.29171248988939835
  ],
  [
   -0.06834487575183464,
   0.1032726055513642,
   0.2916569811143848
  ],
  [
   -0.06860534143117192,
   0.07334129691673563,
   0.2936691742086221
  ],
  [
   -0.099227460999208,
   0.07420066586539503,
   0.2937246829836355
  ]
 ]
]
[
 [
  0.0,
  0.08726646259971647,
  0.24574235868080171,
  0.0,
  -0.11170107212763711,
  0.0
 ],
 [
  [
   -0.09858327907346147,
   0.10789108152490799,
   0.2899671922369243
  ],
  [
   -0.06814441893203155,
   0.1070361598270253,
   0.28991239356126774
  ],
  [
   -0.06840476287390862,
   0.07710404305652169,
   0.29191254522273363
  ],
  [
   -0.09884362301533853,
   0.07795896475440436,
   0.29196734389839013
  ]
 ]
]
[
 [
  0.0,
  0.08726646259971647,
  0.2611012560983518,
  0.0,
  -0.11868238913561442,
  0.0
 ],
 [
  [
   -0.09930719567040656,
   0.11181026615849828,
   0.29148031298596905
  ],
  [
   -0.06916699733368592,
   0.11147795267780232,
   0.29336584012476746
  ],
  [
   -0.07012147574679725,
   0.08176768622015035,
   0.2974141778051281
  ],
  [
   -0.100261674083518,
   0.0820999997008464,
   0.29552865066632994
  ]
 ]
]
[
 [
  0.0,
  0.08726646259971647,
  0.2764601535159019,
  0.0,
  -0.12566370614359176,
  0.0
 ],
 [
  [
   -0.0998988750147785,
   0.11578614801538077,
   0.29198511143777856
  ],
  [
   -0.06949825428850567,
   0.11547816700519682,
   0.2938750273532549
  ],
  [
   -0.07023351303964687,
   0.08575705644085836,
   0.29788937429780743
  ],
  [
   -0.10063413376591969,
   0.0860650374510423,
   0.2959994583823311
  ]
 ]
]
[
 [
  0.0,
  0.08726646259971647,
  0.291819050933452,
  0.0,
  -0.1326450231515691,
  0.0
 ],
 [
  [
   -0.09961884434578153,
   0.12002877087962895,
   0.29055629390590504
  ],
  [
   -0.06984049875289296,
   0.12035665109536132,
   0.2944274492910261
  ],
  [
   -0.07057035355306057,
   0.09063091902924142,
   0.2984084246870723
  ],
  [
   -0.10034869914594918,
   0.09030303881350908,
   0.29453726930195134
  ]
 ]
]
[
 [
  0.0,
  0.08726646259971647,
  0.3071779483510021,
  0.0,
  -0.1396263401595464,
  0.0
 ],
 [
  [
   -0.09928124676565567,
   0.12249105842252096,
   0.28896590096724234
  ],
  [
   -0.06919165090229096,
   0.12222678487814355,
   0.29081099457427617
  ],
  [
   -0.06992507688343332,
   0.09250007527694973,
   0.29478400635584473
  ],
  [
   -0.10001467274679811,
   0.09276434882132728,
   0.2929389127488112
  ]
 ]
]
[
 [
  0.0,
  0.08726646259971647,
  0.3225368457685522,
  0.0,
  -0.14660765716752372,
  0.0
 ],
 [
  [
   -0.10032184776792302,
   0.12932768588913163,
   0.2907781470302173
  ],
  [
   -0.07029192081982852,
   0.12973154806524825,
   0.2945456864072867
  ],
  [
   -0.07150544082158533,
   0.10036071435626896,
   0.3005358029708287
  ],
  [
   -0.10153536776967982,
   0.09995685218015228,
   0.29676826359375924
  ]
 ]
]
[
 [
  0.0,
  0.08726646259971647,
  0.33789574318610227,
  0.0,
  -0.15358897417550105,
  0.0
 ],
 [
  [
   -0.10026976078586587,
   0.13087025084383438,
   0.2900230298215583
  ],
  [
   -0.06938912115368838,
   0.12976698061222527,
   0.2898896491051206
  ],
  [
   -0.06991813574141607,
   0.10003616254460512,
   0.29386439445495616
  ],
  [
   -0.10079877537359354,
   0.10113943277621416,
   0.29399777517139375
  ]
 ]
]
[
 [
  0.0,
  0.08726646259971647,
  0.3532546406036523,
  0.0,
  -0.16057029118347838,
  0.0
 ],
 [
  [
   -0.0999023870166081,
   0.13323302082717306,
   0.2883609930825188
  ],
  [
   -0.0696634675788485,
   0.13281345277351653,
   0.2901645754527919
  ],
  [
   -0.07018317807395359,
   0.10307592109143786,
   0.2940900194351514
  ],
  [
   -0.10042209751171315,
   0.10349548914509434,
   0.29228643706487817
  ]
 ]
]
[
 [
  0.0,
  0.08726646259971647,
  0.36861353802120245,
  0.0,
  -0.1675516081914557,
  0.0
 ],
 [
  [
   -0.09920588763041219,
   0.1377088311885743,
   0.28516746539721305
  ],
  [
   -0.06930500249873457,
   0.1375387897506505,
   0.2869534829257973
  ],
  [
   -0.06961257657513861,
   0.10779100354485123,
   0.2908231875710622
  ],
  [
   -0.09951346170681626,
   0.10796104498277508,
   0.28903717004247803
  ]
 ]
]
[
 [
  0.0,
  0.08726646259971647,
  0.3839724354387525,
  0.0,
  -0.174532925199433,
  0.0
 ],
 [
  [
   -0.09950346772583847,
   0.13968583695721598,
   0.2854331886987414
  ],
  [
   -0.06890694737982597,
   0.13859669075910663,
   0.28530535799038087
  ],
  [
   -0.06922198827322175,
   0.10885111399271881,
   0.2891914115245482
  ],
  [
   -0.09981850861923422,
   0.1099402601908281,
   0.2893192422329086
  ]
 ]
]
